    1    1
    2    0    C    1
    3    0    C    2
    4    0    C    3
    5    0    C    4
    6    0    C    5    C  -10
    7    0    C    5
    8    0    C    6    C  -10
    9    0    C    6
   10    0    C    7    C  -10
   11    0    C    7
   12    0    C    8    C  -10
   13    0    C    8    C   -5
   14    0    C    8
   15    0    C    9    C  -10
   16    0    C    9    C   -5
   17    0    C    9
   18    0    C   10    C  -10
   19    0    C   10    C   -5
   20    0    C   10
   21    2
   22    0    B    1
   23    0    B    2
   24    0    B    3
   25    0    B    4    B  -10
   26    0    C    4    C  -10
   27    0    B    4
   28    1    B    4
   29    0    B    5    B  -10
   30    0    C    5    C  -10
   31    0    B    5
   32    1    B    5
   33    0    B    6    B  -10
   34    0    C    6    C  -10
   35    0    B    6
   36    1    B    6
   37    0    B    8    B  -10
   38    0    C    8    C    5
   39    1    C    8
   40    0    B    9    B  -10
   41    0    C    9    C    5
   42    1    C    9
   43    0    B   10    B  -10
   44    0    C   10    C    5
   45    1    C   10
   46    3
   47    0    A    2    A  -10
   48    0    B    2    B  -10
   49    0    A    2
   50    0    A    2    A    2
   51    1    A    2
   52    0    A    3    A  -10
   53    0    B    3    B  -10
   54    0    A    3    A    3
   55    1    A    3
   56    0    A    3    A  -10
   57    0    B    3    B  -10
   58    0    A    5    A  -10
   59    0    C    5    C   10
   60    1    B    5    B    3
   61    2    B    5
   62    0    A    6    A  -10
   63    0    C    6    C   10
   64    1    B    6    B    3
   65    2    B    6
   66    0    A    7    A  -10
   67    0    C    7    C   10
   68    1    B    7    B    3
   69    2    B    7
   70    1    B    8    B    3
   71    2    C    8
   72    1    B    9    B    3
   73    2    C    9
   74    1    B   10    B    3
   75    2    C   10
   76    0    D   10
